16259342
14994702
15661715
13975494
14517611
13678972
16220643
14021070
15745923
16332318
15549950
14921175
14173930
16182976
15176456
15367924
15219360
15951780
13280638
15134093
15820264
13606828
12872596
15774130
15748030
15687264
15736980
15126305
14696772
14713205
15991223
15208810
13158311
14921087
15658953
16156483
15844265
15927376
15193294
14928913
15160162
16377392
15171704
15774483
16293016
13159086
12818826
15750359
15806465
14323129
12900988
15951003
15746746
15564784
12492292
15300659
13199248
14454902
15586711
15052961
16213788
15602028
13157542
15460100
13897757
16069823
16149681
15287683
15994038
16078557
14833219
14028065
13620350
13159004
15576857
14752851
15833962
15368924
14978395
16165145
15669329
15552575
14284992
15177666
15511811
14721992
15383323
15999309
16307461
15564251
14602212
14615606
13792370
14441626
16047155
15523269
15423035
16322286
15395382
14784831
15606919
14295251
16238547
15991841
13395424
14254017
14580638
16065322
15094862
15266903
15163776
15585362
13544483
13321196
14556473
15587522
16242922
14455761
15860687
15018793
13276919
14450954
14871993
15555366
14887870
16135390
15416618
15438225
16196265
15458497
15416813
14313580
16178525
15622629
14937748
15947635
15003170
13073458
15037748
15120432
15358879
16202757
15541023
15150252
15780900
16143451
15505565
15859835
15250947
15462555
13870033
14418604
15916986
14801212
15615319
13280690
15843511
16187772
15860634
15390312
13507603
14473706
15520130
14670606
15305705
16148966