13818474
15963239
16064719
16110788
15694997
15425490
16148020
14103585
13471621
16052416
16326609
15517520
15477657
14906655
15210308
15150178
15637492
15352847
16270077
15412838
14733191
15219599
15057917
15533357
13458521
14688977
16374290
14408975
15513859
13377529
16333086
12246351
15459852
15630492
12446761
14417740
15878524
15261510
13738611
14630723
15079229
15773287
15544496
14886117
14877124
14305098
14733613
14902849
15636735
14948523
15481778
11998288
16129070
14376225
16068040
16035591
13752676
16113186
15914011
16119051
15521901
16269654
16036047